1 0 3
0 0 0
9 0 0
NEW LINE
67 00 00 00 51 00 00 00 15
00 00 00 61 00 53 00 00 00
00 00 00 00 00 00 00 00 00
00 71 00 00 00 00 00 19 00
77 00 00 00 00 00 00 00 11
00 79 00 00 00 00 00 09 00
00 00 00 00 00 00 00 00 00
00 00 00 29 00 25 00 00 00
35 00 00 00 27 00 00 00 03
NEW LINE
55 56 59 00 61 00 79 78 77
54 00 00 00 00 00 00 00 76
53 00 00 00 00 00 00 00 75
00 00 00 00 00 00 00 00 00
41 00 00 00 00 00 00 00 73
00 00 00 00 00 00 00 00 00
37 00 00 00 00 00 00 00 71
34 00 00 00 00 00 00 00 08
33 32 31 00 21 00 05 06 07
NEW LINE
73 74 81 00 49 00 45 10 11
72 00 00 00 00 00 00 00 12
71 00 00 00 00 00 00 00 13
00 00 00 00 00 00 00 00 00
69 00 00 00 00 00 00 00 15
00 00 00 00 00 00 00 00 00
65 00 00 00 00 00 00 00 21
62 00 00 00 00 00 00 00 26
61 60 59 00 31 00 29 28 27
NEW LINE
000 000 000 000 000 000 000 000 000 000 000 000
000 000 094 095 000 000 000 000 032 027 000 000
000 098 000 000 000 084 083 000 000 000 025 000
000 105 000 107 000 000 000 000 036 000 018 000
000 000 000 000 000 000 000 000 000 000 000 000
000 000 118 000 000 000 000 000 000 039 000 000
000 000 119 000 000 000 000 000 000 042 000 000
000 000 000 000 000 000 000 000 000 000 000 000
000 132 000 122 000 000 000 000 003 000 007 000
000 131 000 000 000 069 052 000 000 000 010 000
000 000 125 126 000 000 000 000 055 056 000 000
000 000 000 000 000 000 000 000 000 000 000 000